3044847
3406718
863376
4316946
485240
1894775
357068
1064020
3844388
4298917
1367560
3298269
487250
80040
2638673
518894
2851846
4742554
3686597
658915
19590
1223211
4754253
1432615
996454
4185651
3656217
1961706
1259036
2229916
4714904
4565493
4980376
4756974
1385570
1535913
156936
102998
4576887
991190
1141031
3011214
2350038
1023767
4175216
4637798
1636075
4003169
1220495
1608828
3128377
3701640
3231063
3590316
4672602
4410449
3769881
1079823
3497654
3295118
4458795
2196278
271788
3347889
990197
1556368
1578506
433047
1165300
4650672
3697020
360284
4766276
389612
1661788
675744
4921524
213330
2314461
330296
2546194
2208642
1998524
2517410
4721757
2042665
1886999
235553
4461037
1866208
689814
2251496
4504436
485926
3240954
186131
1296337
181210
2305103
610454